[gd_scene load_steps=24 format=3 uid="uid://djdll5upj75nl"]

[ext_resource type="PackedScene" uid="uid://d0ukggfx40yvy" path="res://scenes/player.tscn" id="1_o4rjg"]
[ext_resource type="PackedScene" uid="uid://c0cx8nh2110ik" path="res://scenes/structures/wall.tscn" id="2_860kj"]
[ext_resource type="PackedScene" uid="uid://cj2wnyx63da7i" path="res://assets/models/coinsLarge.gltf.glb" id="3_4nht0"]
[ext_resource type="PackedScene" uid="uid://dmlajcxvquwxg" path="res://assets/models/lootSackA.gltf.glb" id="4_5riqi"]
[ext_resource type="PackedScene" uid="uid://lvrshdq5koal" path="res://assets/models/lootSackB.gltf.glb" id="5_0dx1a"]
[ext_resource type="PackedScene" uid="uid://ce3orp64thp2a" path="res://assets/models/potA.gltf.glb" id="8_fj3bg"]
[ext_resource type="PackedScene" uid="uid://don6h1jpkbiek" path="res://assets/models/potA_decorated.gltf.glb" id="9_lo3xf"]
[ext_resource type="PackedScene" uid="uid://burruay2fmyio" path="res://assets/models/pots.gltf.glb" id="10_rgh4a"]
[ext_resource type="PackedScene" uid="uid://qygidfbv0lue" path="res://assets/models/torchWall.gltf.glb" id="11_83q3j"]
[ext_resource type="Script" path="res://systems/scene_manager/loading_zone/loading_zone.gd" id="11_xu2kq"]
[ext_resource type="PackedScene" uid="uid://bqkkfyrt8jks2" path="res://transitions/dame_transition.tscn" id="12_1ryre"]
[ext_resource type="PackedScene" uid="uid://c3nnojas0ib4x" path="res://scenes/structures/pillar.tscn" id="12_kwogh"]
[ext_resource type="PackedScene" uid="uid://7gepbj547uc5" path="res://scenes/interactable/jump_pad.tscn" id="12_n1oka"]
[ext_resource type="PackedScene" uid="uid://dj866322oetir" path="res://scenes/structures/scaffold_small_medium_railing.tscn" id="13_7ultf"]
[ext_resource type="PackedScene" uid="uid://dcvcjej086uj2" path="res://scenes/structures/pillar_broken.tscn" id="14_87aqa"]
[ext_resource type="PackedScene" uid="uid://cpgphoi4b7t0y" path="res://scenes/structures/scaffold_stairs.tscn" id="15_ihvpa"]

[sub_resource type="ProceduralSkyMaterial" id="ProceduralSkyMaterial_ghnw3"]
sky_horizon_color = Color(0.64625, 0.65575, 0.67075, 1)
ground_horizon_color = Color(0.64625, 0.65575, 0.67075, 1)

[sub_resource type="Sky" id="Sky_ufhv6"]
sky_material = SubResource("ProceduralSkyMaterial_ghnw3")

[sub_resource type="Environment" id="Environment_s5wev"]
background_mode = 2
sky = SubResource("Sky_ufhv6")
tonemap_mode = 2
glow_enabled = true

[sub_resource type="StandardMaterial3D" id="StandardMaterial3D_8nvom"]
albedo_color = Color(0.371001, 0.124844, 0.069521, 1)

[sub_resource type="StandardMaterial3D" id="StandardMaterial3D_l5c6b"]
albedo_color = Color(1, 0.486275, 0.0313726, 1)
emission_enabled = true
emission = Color(0.741176, 0.266667, 0, 1)
backlight = Color(1, 0, 0, 1)

[sub_resource type="SphereMesh" id="SphereMesh_6oa6q"]
material = SubResource("StandardMaterial3D_l5c6b")
radius = 0.1

[sub_resource type="CylinderShape3D" id="CylinderShape3D_cvt37"]
height = 0.670723
radius = 0.793863

[node name="Level1" type="Node3D"]

[node name="DirectionalLight3D" type="DirectionalLight3D" parent="."]
transform = Transform3D(-0.866023, -0.433016, 0.250001, 0, 0.499998, 0.866027, -0.500003, 0.749999, -0.43301, 0, 0, 0)
layers = 3
shadow_enabled = true

[node name="WorldEnvironment" type="WorldEnvironment" parent="."]
environment = SubResource("Environment_s5wev")

[node name="CSGBox3D" type="CSGBox3D" parent="."]
use_collision = true
size = Vector3(32, 0.001, 32)
material = SubResource("StandardMaterial3D_8nvom")

[node name="Player" parent="." instance=ExtResource("1_o4rjg")]

[node name="wall" parent="." instance=ExtResource("2_860kj")]
transform = Transform3D(1, 0, 0, 0, 1, 0, 0, 0, 1, -1.82893, 0.000499725, -3.02975)

[node name="wall2" parent="." instance=ExtResource("2_860kj")]
transform = Transform3D(0.724027, 0, -0.689771, 0, 1, 0, 0.689771, 0, 0.724027, 6.29721, 0.000499725, -1.26712)

[node name="coinsLarge_gltf" parent="." instance=ExtResource("3_4nht0")]
transform = Transform3D(1, 0, 0, 0, 1, 0, 0, 0, 1, -2.83768, 4.0951, 8.44358)

[node name="lootSackA_gltf" parent="." instance=ExtResource("4_5riqi")]
transform = Transform3D(1, 0, 0, 0, 1, 0, 0, 0, 1, 4.77383, 0.000500679, -0.362302)

[node name="lootSackB_gltf" parent="." instance=ExtResource("5_0dx1a")]
transform = Transform3D(1, 0, 0, 0, 1, 0, 0, 0, 1, 4.25902, 0.000500679, -0.904521)

[node name="potA_gltf" parent="." instance=ExtResource("8_fj3bg")]
transform = Transform3D(1, 0, 0, 0, 1, 0, 0, 0, 1, -1.79746, 0.000499725, -2.02365)

[node name="potA_decorated_gltf" parent="." instance=ExtResource("9_lo3xf")]
transform = Transform3D(1, 0, 0, 0, 1, 0, 0, 0, 1, -1.23204, 0.000498772, -2.06774)

[node name="pots_gltf" parent="." instance=ExtResource("10_rgh4a")]
transform = Transform3D(1, 0, 0, 0, 1, 0, 0, 0, 1, 5.4005, 0.000500202, 1.16987)

[node name="torchWall_gltf" parent="." instance=ExtResource("11_83q3j")]
transform = Transform3D(1, 0, 0, 0, 1, 0, 0, 0, 1, -0.80488, 2.07434, -2.27975)

[node name="CPUParticles3D" type="CPUParticles3D" parent="torchWall_gltf"]
transform = Transform3D(1, 0, 0, 0, 1, 0, 0, 0, 1, 0, 0.836714, 0.581434)
amount = 3
speed_scale = 2.86
randomness = 0.42
mesh = SubResource("SphereMesh_6oa6q")
direction = Vector3(0, 1, 0)
gravity = Vector3(0, 1, 0)

[node name="Area3D" parent="." instance=ExtResource("12_n1oka")]
transform = Transform3D(1, 0, 0, 0, 1, 0, 0, 0, 1, 6.90434, 0.000500679, 1.43905)

[node name="LoadingZone" type="Area3D" parent="."]
transform = Transform3D(1, 0, 0, 0, 1, 0, 0, 0, 1, -3.02543, 3.90155, 8.13969)
script = ExtResource("11_xu2kq")
target_scene_path = "res://levels/level_2.tscn"
target_id = "start"
displacement = Vector3(1.545, 0, 0)
transition = ExtResource("12_1ryre")

[node name="CollisionShape3D2" type="CollisionShape3D" parent="LoadingZone"]
transform = Transform3D(1, 0, 0, 0, 1, 0, 0, 0, 1, 0.0721188, 0.365649, 0.0714136)
shape = SubResource("CylinderShape3D_cvt37")

[node name="Pillar" parent="." instance=ExtResource("12_kwogh")]
transform = Transform3D(0.904366, 0, -0.426758, 0, 1, 0, 0.426758, 0, 0.904366, 4.35972, 0.000499725, -2.83308)

[node name="Pillar2" parent="." instance=ExtResource("12_kwogh")]
transform = Transform3D(1, 0, 0, 0, 1, 0, 0, 0, 1, -4.40937, 0.000499725, -3.032)

[node name="Pillar3" parent="." instance=ExtResource("12_kwogh")]
transform = Transform3D(1, 0, 0, 0, 1, 0, 0, 0, 1, 0.701118, 0.000499725, -3.01898)

[node name="ScaffoldSmallMediumRailing" parent="." instance=ExtResource("13_7ultf")]
transform = Transform3D(1, 0, 0, 0, 1, 0, 0, 0, 1, 2.45307, 0.000500202, -3.04819)

[node name="ScaffoldSmallMediumRailing2" parent="." instance=ExtResource("13_7ultf")]
transform = Transform3D(-0.412166, 0, 0.911109, 0, 1, 0, -0.911109, 0, -0.412166, 9.97762, 0.000500202, -0.032057)

[node name="ScaffoldSmallMediumRailing3" parent="." instance=ExtResource("13_7ultf")]
transform = Transform3D(-0.412166, 0, 0.911109, 0, 1, 0, -0.911109, 0, -0.412166, 9.97762, 1.90486, -0.032057)

[node name="Pillar4" parent="." instance=ExtResource("12_kwogh")]
transform = Transform3D(0.728981, 0, -0.684534, 0, 1, 0, 0.684534, 0, 0.728981, 8.1953, 0.000500202, 0.612406)

[node name="PillarBroken" parent="." instance=ExtResource("14_87aqa")]
transform = Transform3D(0.312003, 0, -0.950081, 0, 1, 0, 0.950081, 0, 0.312003, 8.36291, -1.85894, 1.93939)

[node name="PillarBroken2" parent="." instance=ExtResource("14_87aqa")]
transform = Transform3D(-0.380054, 0, -0.924964, 0, 1, 0, 0.924964, 0, -0.380054, -5.71878, 0.000500202, -2.89622)

[node name="Pillar5" parent="." instance=ExtResource("12_kwogh")]
transform = Transform3D(0.951347, 0, -0.30812, 0, 1, 0, 0.30812, 0, 0.951347, -8.39806, 0.000500679, 0.0958438)

[node name="Pillar6" parent="." instance=ExtResource("12_kwogh")]
transform = Transform3D(0.938547, 0, 0.345151, 0, 1, 0, -0.345151, 0, 0.938547, -7.65149, 0.000499725, 5.56725)

[node name="Pillar7" parent="." instance=ExtResource("12_kwogh")]
transform = Transform3D(1, 0, 0, 0, 1, 0, 0, 0, 1, -2.90051, 0.000499725, 8.35703)

[node name="PillarBroken3" parent="." instance=ExtResource("14_87aqa")]
transform = Transform3D(0.861186, 0, -0.50829, 0, 1, 0, 0.50829, 0, 0.861186, -1.37237, -0.0124817, 8.59606)

[node name="ScaffoldStairs" parent="." instance=ExtResource("15_ihvpa")]
transform = Transform3D(-0.716862, 0, -0.697215, 0, 1, 0, 0.697215, 0, -0.716862, 6.6524, -0.307216, -3.02556)

[node name="ScaffoldStairs2" parent="." instance=ExtResource("15_ihvpa")]
transform = Transform3D(-0.716862, 0, -0.697215, 0, 1, 0, 0.697215, 0, -0.716862, 8.17991, 1.27625, -1.47465)

[node name="ScaffoldStairs3" parent="." instance=ExtResource("15_ihvpa")]
transform = Transform3D(-0.95475, 0, 0.297408, 0, 1, 0, -0.297408, 0, -0.95475, -1.22533, 6.91907, 6.55565)
